
ans = 

  <a href="matlab:helpPopup('datetime')" style="font-weight:bold">datetime</a>

   17-Mar-2025 02:37:21 +0000

[17-Mar-2025 02:37:52] Checking for availability of parallel pool...
Starting parallel pool (parpool) using the 'LocalProfile2' profile ...
17-Mar-2025 02:39:11: Job Queued. Waiting for parallel pool job with ID 7 to start ...
Connected to parallel pool with 10 workers.
[17-Mar-2025 02:39:21] Starting Simulink on parallel workers...
[17-Mar-2025 02:39:22] Configuring simulation cache folder on parallel workers...
[17-Mar-2025 02:39:22] Loading model on parallel workers...
[17-Mar-2025 02:39:47] Running simulations...
[17-Mar-2025 02:46:07] Completed 1 of 101 simulation runs
[17-Mar-2025 02:46:08] Completed 2 of 101 simulation runs
[17-Mar-2025 02:46:09] Completed 3 of 101 simulation runs
[17-Mar-2025 02:46:10] Completed 4 of 101 simulation runs
[17-Mar-2025 02:46:11] Completed 5 of 101 simulation runs
[17-Mar-2025 02:46:14] Completed 6 of 101 simulation runs
[17-Mar-2025 02:46:17] Completed 7 of 101 simulation runs
[17-Mar-2025 02:46:40] Completed 8 of 101 simulation runs
[17-Mar-2025 02:47:41] Completed 9 of 101 simulation runs
[17-Mar-2025 02:49:16] Completed 10 of 101 simulation runs
[17-Mar-2025 02:49:21] Completed 11 of 101 simulation runs
[17-Mar-2025 02:49:26] Completed 12 of 101 simulation runs
[17-Mar-2025 02:49:27] Completed 13 of 101 simulation runs
[17-Mar-2025 02:49:27] Completed 14 of 101 simulation runs
[17-Mar-2025 02:49:37] Completed 15 of 101 simulation runs
[17-Mar-2025 02:49:46] Completed 16 of 101 simulation runs
[17-Mar-2025 02:49:52] Completed 17 of 101 simulation runs
[17-Mar-2025 02:50:01] Completed 18 of 101 simulation runs
[17-Mar-2025 02:51:04] Completed 19 of 101 simulation runs
[17-Mar-2025 02:52:44] Completed 20 of 101 simulation runs
[17-Mar-2025 02:53:02] Completed 21 of 101 simulation runs
[17-Mar-2025 02:53:26] Completed 22 of 101 simulation runs
[17-Mar-2025 02:54:15] Completed 23 of 101 simulation runs
[17-Mar-2025 02:54:16] Completed 24 of 101 simulation runs
[17-Mar-2025 02:54:19] Completed 25 of 101 simulation runs
[17-Mar-2025 02:54:23] Completed 26 of 101 simulation runs
[17-Mar-2025 02:54:33] Completed 27 of 101 simulation runs
[17-Mar-2025 02:56:08] Completed 28 of 101 simulation runs
[17-Mar-2025 02:56:23] Completed 29 of 101 simulation runs
[17-Mar-2025 02:56:29] Completed 30 of 101 simulation runs
[17-Mar-2025 02:56:49] Completed 31 of 101 simulation runs
[17-Mar-2025 02:57:01] Completed 32 of 101 simulation runs
[17-Mar-2025 02:57:04] Completed 33 of 101 simulation runs
[17-Mar-2025 02:57:13] Completed 34 of 101 simulation runs
[17-Mar-2025 02:57:52] Completed 35 of 101 simulation runs
[17-Mar-2025 02:57:54] Completed 36 of 101 simulation runs
[17-Mar-2025 02:59:12] Completed 37 of 101 simulation runs
[17-Mar-2025 02:59:51] Completed 38 of 101 simulation runs
[17-Mar-2025 02:59:53] Completed 39 of 101 simulation runs
[17-Mar-2025 02:59:59] Completed 40 of 101 simulation runs
[17-Mar-2025 03:00:56] Completed 41 of 101 simulation runs
[17-Mar-2025 03:00:59] Completed 42 of 101 simulation runs
[17-Mar-2025 03:01:20] Completed 43 of 101 simulation runs
[17-Mar-2025 03:01:46] Completed 44 of 101 simulation runs
[17-Mar-2025 03:02:16] Completed 45 of 101 simulation runs
[17-Mar-2025 03:03:10] Completed 46 of 101 simulation runs
[17-Mar-2025 03:03:21] Completed 47 of 101 simulation runs
[17-Mar-2025 03:03:28] Completed 48 of 101 simulation runs
[17-Mar-2025 03:03:42] Completed 49 of 101 simulation runs
[17-Mar-2025 03:04:17] Completed 50 of 101 simulation runs
[17-Mar-2025 03:04:18] Completed 51 of 101 simulation runs
[17-Mar-2025 03:04:30] Completed 52 of 101 simulation runs
[17-Mar-2025 03:05:03] Completed 53 of 101 simulation runs
[17-Mar-2025 03:05:33] Completed 54 of 101 simulation runs
[17-Mar-2025 03:06:23] Completed 55 of 101 simulation runs
[17-Mar-2025 03:06:38] Completed 56 of 101 simulation runs
[17-Mar-2025 03:06:45] Completed 57 of 101 simulation runs
[17-Mar-2025 03:07:08] Completed 58 of 101 simulation runs
[17-Mar-2025 03:07:24] Completed 59 of 101 simulation runs
[17-Mar-2025 03:07:38] Completed 60 of 101 simulation runs
[17-Mar-2025 03:08:35] Completed 61 of 101 simulation runs
[17-Mar-2025 03:08:59] Completed 62 of 101 simulation runs
[17-Mar-2025 03:09:24] Completed 63 of 101 simulation runs
[17-Mar-2025 03:10:16] Completed 64 of 101 simulation runs
[17-Mar-2025 03:10:39] Completed 65 of 101 simulation runs
[17-Mar-2025 03:10:50] Completed 66 of 101 simulation runs
[17-Mar-2025 03:11:18] Completed 67 of 101 simulation runs
[17-Mar-2025 03:11:23] Completed 68 of 101 simulation runs
[17-Mar-2025 03:12:36] Completed 69 of 101 simulation runs
[17-Mar-2025 03:12:48] Completed 70 of 101 simulation runs
[17-Mar-2025 03:13:22] Completed 71 of 101 simulation runs
[17-Mar-2025 03:13:37] Completed 72 of 101 simulation runs
[17-Mar-2025 03:13:56] Completed 73 of 101 simulation runs
[17-Mar-2025 03:14:01] Completed 74 of 101 simulation runs
[17-Mar-2025 03:14:48] Completed 75 of 101 simulation runs
[17-Mar-2025 03:15:15] Completed 76 of 101 simulation runs
[17-Mar-2025 03:17:45] Completed 77 of 101 simulation runs
[17-Mar-2025 03:18:13] Completed 78 of 101 simulation runs
[17-Mar-2025 03:18:38] Completed 79 of 101 simulation runs
[17-Mar-2025 03:19:16] Completed 80 of 101 simulation runs
[17-Mar-2025 03:21:32] Completed 81 of 101 simulation runs
[17-Mar-2025 03:21:42] Completed 82 of 101 simulation runs
[17-Mar-2025 03:21:49] Completed 83 of 101 simulation runs
[17-Mar-2025 03:22:34] Completed 84 of 101 simulation runs
[17-Mar-2025 03:24:45] Completed 85 of 101 simulation runs
[17-Mar-2025 03:25:07] Completed 86 of 101 simulation runs
[17-Mar-2025 03:25:09] Completed 87 of 101 simulation runs
[17-Mar-2025 03:25:47] Completed 88 of 101 simulation runs
[17-Mar-2025 03:28:01] Completed 89 of 101 simulation runs
[17-Mar-2025 03:28:21] Completed 90 of 101 simulation runs
[17-Mar-2025 03:28:22] Completed 91 of 101 simulation runs
[17-Mar-2025 03:28:55] Completed 92 of 101 simulation runs
[17-Mar-2025 03:31:04] Completed 93 of 101 simulation runs
[17-Mar-2025 03:31:15] Completed 94 of 101 simulation runs
[17-Mar-2025 03:31:23] Completed 95 of 101 simulation runs
[17-Mar-2025 03:32:13] Completed 96 of 101 simulation runs
[17-Mar-2025 03:38:09] Cleaning up parallel workers...
Elapsed time is 3652.426110 seconds.
Max flow speed for LH2 is 56.5231m/s.
Max flow speed for GH2 is 182.9013m/s.
Max mass flow rate for GH2 during warm tank warmup is 0.29821kg/s.
Mean mass flow rate for GH2 during warm tank warmup is 0.029671kg/s.
Max mass flow rate  for GH2 during cold tank warmup is 0.73724kg/s.
Mean mass flow rate for GH2 during cold tank warmup is 0.085393kg/s.
Max mass flow rate for GH2 during defuel tank drain is 1.7793kg/s.
Mean mass flow rate for GH2 during defuel tank drain is 0.32146kg/s.
Max mass flow rate for LH2 during warm tank chilldown is 0.040122kg/s.
Mean mass flow rate for LH2 during warm tank chilldown is 0.013315kg/s.
Max mass flow rate for LH2 during warm tank fill is 0.54053kg/s.
Mean mass flow rate for LH2 during warm tank fill is 0.073819kg/s.
Max mass flow rate for LH2 during cold tank chilldown is 0.16773kg/s.
Mean mass flow rate for LH2 during cold tank chilldown is 0.018931kg/s.
Max mass flow rate for LH2 during cold tank fill is 1.5752kg/s.
Mean mass flow rate for LH2 during cold tank fill is 0.26404kg/s.
Max mass flow rate for LH2 during defuel chilldown is 0.17198kg/s.
Mean mass flow rate for LH2 during defuel chilldown is 0.023448kg/s.
            <strong>Operation phase</strong>            <strong>Mean flow rate</strong>    <strong>Unit</strong> 
    <strong>_______________________________</strong>    <strong>______________</strong>    <strong>_____</strong>

    "Warm tank refuel chilldown"            21.51        "m/s"
    "Warm tank refuel tank filling"        5.4887        "m/s"
    "Warm tank refuel warmup"              16.181        "m/s"
