
ans = 

  <a href="matlab:helpPopup('datetime')" style="font-weight:bold">datetime</a>

   18-Mar-2025 10:58:14 +0000

[18-Mar-2025 10:58:51] Checking for availability of parallel pool...
Starting parallel pool (parpool) using the 'LocalProfile2' profile ...
Connected to parallel pool with 10 workers.
[18-Mar-2025 11:00:02] Starting Simulink on parallel workers...
[18-Mar-2025 11:00:03] Configuring simulation cache folder on parallel workers...
[18-Mar-2025 11:00:03] Loading model on parallel workers...
[18-Mar-2025 11:00:19] Running simulations...
[18-Mar-2025 11:08:47] Completed 1 of 101 simulation runs
[18-Mar-2025 11:08:50] Completed 2 of 101 simulation runs
[18-Mar-2025 11:08:53] Completed 3 of 101 simulation runs
[18-Mar-2025 11:08:54] Completed 4 of 101 simulation runs
[18-Mar-2025 11:08:54] Completed 5 of 101 simulation runs
[18-Mar-2025 11:08:55] Completed 6 of 101 simulation runs
[18-Mar-2025 11:09:03] Completed 7 of 101 simulation runs
[18-Mar-2025 11:09:29] Completed 8 of 101 simulation runs
[18-Mar-2025 11:10:52] Completed 9 of 101 simulation runs
[18-Mar-2025 11:12:50] Completed 10 of 101 simulation runs
[18-Mar-2025 11:12:55] Completed 11 of 101 simulation runs
[18-Mar-2025 11:12:57] Completed 12 of 101 simulation runs
[18-Mar-2025 11:13:02] Completed 13 of 101 simulation runs
[18-Mar-2025 11:13:04] Completed 14 of 101 simulation runs
[18-Mar-2025 11:13:13] Completed 15 of 101 simulation runs
[18-Mar-2025 11:13:28] Completed 16 of 101 simulation runs
[18-Mar-2025 11:13:34] Completed 17 of 101 simulation runs
[18-Mar-2025 11:13:38] Completed 18 of 101 simulation runs
[18-Mar-2025 11:15:01] Completed 19 of 101 simulation runs
[18-Mar-2025 11:17:00] Completed 20 of 101 simulation runs
[18-Mar-2025 11:17:23] Completed 21 of 101 simulation runs
[18-Mar-2025 11:17:46] Completed 22 of 101 simulation runs
[18-Mar-2025 11:18:52] Completed 23 of 101 simulation runs
[18-Mar-2025 11:18:54] Completed 24 of 101 simulation runs
[18-Mar-2025 11:19:03] Completed 25 of 101 simulation runs
[18-Mar-2025 11:19:09] Completed 26 of 101 simulation runs
[18-Mar-2025 11:19:16] Completed 27 of 101 simulation runs
[18-Mar-2025 11:21:24] Completed 28 of 101 simulation runs
[18-Mar-2025 11:21:46] Completed 29 of 101 simulation runs
[18-Mar-2025 11:21:57] Completed 30 of 101 simulation runs
[18-Mar-2025 11:22:24] Completed 31 of 101 simulation runs
[18-Mar-2025 11:22:37] Completed 32 of 101 simulation runs
[18-Mar-2025 11:22:45] Completed 33 of 101 simulation runs
[18-Mar-2025 11:23:25] Completed 34 of 101 simulation runs
[18-Mar-2025 11:24:32] Completed 35 of 101 simulation runs
[18-Mar-2025 11:24:43] Completed 36 of 101 simulation runs
[18-Mar-2025 11:26:49] Completed 37 of 101 simulation runs
[18-Mar-2025 11:27:42] Completed 38 of 101 simulation runs
[18-Mar-2025 11:27:56] Completed 39 of 101 simulation runs
[18-Mar-2025 11:28:03] Completed 40 of 101 simulation runs
[18-Mar-2025 11:29:27] Completed 41 of 101 simulation runs
[18-Mar-2025 11:29:35] Completed 42 of 101 simulation runs
[18-Mar-2025 11:30:11] Completed 43 of 101 simulation runs
[18-Mar-2025 11:30:29] Completed 44 of 101 simulation runs
[18-Mar-2025 11:31:17] Completed 45 of 101 simulation runs
[18-Mar-2025 11:32:33] Completed 46 of 101 simulation runs
[18-Mar-2025 11:33:01] Completed 47 of 101 simulation runs
[18-Mar-2025 11:33:17] Completed 48 of 101 simulation runs
[18-Mar-2025 11:33:28] Completed 49 of 101 simulation runs
[18-Mar-2025 11:34:16] Completed 50 of 101 simulation runs
[18-Mar-2025 11:34:22] Completed 51 of 101 simulation runs
[18-Mar-2025 11:34:38] Completed 52 of 101 simulation runs
[18-Mar-2025 11:35:02] Completed 53 of 101 simulation runs
[18-Mar-2025 11:35:59] Completed 54 of 101 simulation runs
[18-Mar-2025 11:36:58] Completed 55 of 101 simulation runs
[18-Mar-2025 11:37:30] Completed 56 of 101 simulation runs
[18-Mar-2025 11:37:49] Completed 57 of 101 simulation runs
[18-Mar-2025 11:38:17] Completed 58 of 101 simulation runs
[18-Mar-2025 11:38:47] Completed 59 of 101 simulation runs
[18-Mar-2025 11:38:53] Completed 60 of 101 simulation runs
[18-Mar-2025 11:39:50] Completed 61 of 101 simulation runs
[18-Mar-2025 11:41:00] Completed 62 of 101 simulation runs
[18-Mar-2025 11:41:19] Completed 63 of 101 simulation runs
[18-Mar-2025 11:42:31] Completed 64 of 101 simulation runs
[18-Mar-2025 11:43:16] Completed 65 of 101 simulation runs
[18-Mar-2025 11:43:53] Completed 66 of 101 simulation runs
[18-Mar-2025 11:44:21] Completed 67 of 101 simulation runs
[18-Mar-2025 11:44:28] Completed 68 of 101 simulation runs
[18-Mar-2025 11:46:13] Completed 69 of 101 simulation runs
[18-Mar-2025 11:46:19] Completed 70 of 101 simulation runs
[18-Mar-2025 11:47:18] Completed 71 of 101 simulation runs
[18-Mar-2025 11:47:20] Completed 72 of 101 simulation runs
[18-Mar-2025 11:48:09] Completed 73 of 101 simulation runs
[18-Mar-2025 11:48:21] Completed 74 of 101 simulation runs
[18-Mar-2025 11:49:21] Completed 75 of 101 simulation runs
[18-Mar-2025 11:50:11] Completed 76 of 101 simulation runs
[18-Mar-2025 11:53:37] Completed 77 of 101 simulation runs
[18-Mar-2025 11:53:46] Completed 78 of 101 simulation runs
[18-Mar-2025 11:55:13] Completed 79 of 101 simulation runs
[18-Mar-2025 11:55:59] Completed 80 of 101 simulation runs
[18-Mar-2025 11:58:11] Completed 81 of 101 simulation runs
[18-Mar-2025 11:58:52] Completed 82 of 101 simulation runs
[18-Mar-2025 11:59:23] Completed 83 of 101 simulation runs
[18-Mar-2025 11:59:58] Completed 84 of 101 simulation runs
[18-Mar-2025 12:01:54] Completed 85 of 101 simulation runs
[18-Mar-2025 12:02:53] Completed 86 of 101 simulation runs
[18-Mar-2025 12:03:20] Completed 87 of 101 simulation runs
[18-Mar-2025 12:03:46] Completed 88 of 101 simulation runs
[18-Mar-2025 12:05:46] Completed 89 of 101 simulation runs
[18-Mar-2025 12:06:49] Completed 90 of 101 simulation runs
[18-Mar-2025 12:07:24] Completed 91 of 101 simulation runs
[18-Mar-2025 12:07:40] Completed 92 of 101 simulation runs
[18-Mar-2025 12:09:51] Completed 93 of 101 simulation runs
[18-Mar-2025 12:10:54] Completed 94 of 101 simulation runs
[18-Mar-2025 12:11:06] Completed 95 of 101 simulation runs
[18-Mar-2025 12:12:04] Completed 96 of 101 simulation runs
[18-Mar-2025 12:16:30] Cleaning up parallel workers...
Elapsed time is 4700.647206 seconds.
Max flow speed for LH2 is 56.5231m/s.
Max flow speed for GH2 is 182.9013m/s.
Max mass flow rate for GH2 during warm tank warmup is 0.29821kg/s.
Mean mass flow rate for GH2 during warm tank warmup is 0.029671kg/s.
Max mass flow rate  for GH2 during cold tank warmup is 0.73724kg/s.
Mean mass flow rate for GH2 during cold tank warmup is 0.085393kg/s.
Max mass flow rate for GH2 during defuel tank drain is 1.7793kg/s.
Mean mass flow rate for GH2 during defuel tank drain is 0.32146kg/s.
Max mass flow rate for LH2 during warm tank chilldown is 0.040122kg/s.
Mean mass flow rate for LH2 during warm tank chilldown is 0.013315kg/s.
Max mass flow rate for LH2 during warm tank fill is 0.54053kg/s.
Mean mass flow rate for LH2 during warm tank fill is 0.073819kg/s.
Max mass flow rate for LH2 during cold tank chilldown is 0.16773kg/s.
Mean mass flow rate for LH2 during cold tank chilldown is 0.018931kg/s.
Max mass flow rate for LH2 during cold tank fill is 1.5752kg/s.
Mean mass flow rate for LH2 during cold tank fill is 0.26404kg/s.
Max mass flow rate for LH2 during defuel chilldown is 0.17198kg/s.
Mean mass flow rate for LH2 during defuel chilldown is 0.023448kg/s.
            <strong>Operation phase</strong>            <strong>Mean flow rate</strong>    <strong>Unit</strong> 
    <strong>_______________________________</strong>    <strong>______________</strong>    <strong>_____</strong>

    "Warm tank refuel chilldown"            21.51        "m/s"
    "Warm tank refuel tank filling"        5.4887        "m/s"
    "Warm tank refuel warmup"              16.181        "m/s"
    "Cold tank refuel chilldown"           22.372        "m/s"
